-0.3911196358673386
-0.6561212026901563
-0.8309156712483318
-0.8309156712483318
-0.9726038149329741
-1.1375640470933222
-1.2800494814987584
-1.3529526242882495
-1.3632961192914146
-1.3494187811810812
-1.3303692501212239
-1.3144041808275508
-1.2986205219325329
-1.2770652090371297
-1.255108810970529
-1.2287828184758265
-1.1955501805708453
-1.1516952422025168
-1.1067088663304558
-1.0577865781107112
-1.013302579934984
-0.9797436797704036
-0.9428523439623235
-0.8830943747473856
-0.8830943747473856
-0.8124357732485268
-0.7509568000088396
-0.6891852290066607
-0.620806603075708
-0.5515129620359926
-0.49295110495648964
-0.4488531828531635
-0.4085228772877821
-0.3599104782719216
-0.2985374545220668
-0.23381256118122298
-0.1751920520826922
-0.1272404558474209
-0.0906197478601339
-0.05006898075485808
0.006991571612129056
